CIRCLE
    21.       21 

  0.0            0.0
  0.00615583     0.078217233
  0.024471742    0.154508497
  0.054496738    0.22699525
  0.095491503    0.293892626
  0.146446609    0.353553391
  0.206107374    0.404508497
  0.27300475     0.445503262
  0.345491503    0.475528258
  0.421782767    0.49384417
  0.50000000     0.50000000
  0.578217233    0.49384417
  0.654508497    0.475528258
  0.72699525     0.445503262
  0.793892626    0.404508497
  0.853553391    0.353553391
  0.904508497    0.293892626
  0.945503262    0.22699525
  0.975528258    0.154508497
  0.99384417     0.078217233
  1.0            0.0
  
  0.0            0.0
  0.00615583     -0.078217233
  0.024471742    -0.154508497
  0.054496738    -0.22699525
  0.095491503    -0.293892626
  0.146446609    -0.353553391
  0.206107374    -0.404508497
  0.27300475     -0.445503262
  0.345491503    -0.475528258
  0.421782767    -0.49384417
  0.50000000     -0.50000000
  0.578217233    -0.49384417
  0.654508497    -0.475528258
  0.72699525     -0.445503262
  0.793892626    -0.404508497
  0.853553391    -0.353553391
  0.904508497    -0.293892626
  0.945503262    -0.22699525
  0.975528258    -0.154508497
  0.99384417     -0.078217233
  1.0            0.0




