Airfoil Transition 1 between Circle_Section.txt and NACA_4412.txt
 61. 61.

0.0 0.0
0.0006359182208059426 0.014510143924959066
0.0016406953017271703 0.028852039349803606
0.00302555123507917 0.04303116009979727
0.004801706013177429 0.057052980000203736
0.006980379628337434 0.07092297287628664
0.009572792072874673 0.08464661255330964
0.012590163339104636 0.09822937285653643
0.016043713419342805 0.11167672761123065
0.01994466230590467 0.12499415064265594
0.02430422955522838 0.1381871159018899
0.029133056314515394 0.15126126429505515
0.0344398483379804 0.1642225008285709
0.040221652497730874 0.17706468280988405
0.04645883157594681 0.18976380908134755
0.053130411872669814 0.2022944495276704
0.06021497646136678 0.2146314133391974
0.067689968978815 0.22675012490770075
0.07553289505444728 0.23862646877240512
0.08372613832044143 0.2502436222915204
0.09225659767682248 0.26159151858345736
0.10111083890034556 0.27266070469944054
0.110274304420991 0.2834425291833032
0.11973228467255796 0.2939284490260812
0.12947268417116892 0.30411039936962797
0.1395098423406756 0.31398515533236704
0.14987297439592215 0.3235527788579321
0.16059056039697966 0.3328142963714502
0.17169097421324533 0.3417708411368227
0.18320258971411635 0.3504235464179513
0.19514465207555445 0.3587709214662162
0.2074838817426318 0.36679705631296544
0.22016779710703868 0.3744817446115038
0.23314382248684087 0.38180487329213847
0.2463593822001039 0.38874632928517683
0.2597618955292963 0.3952860138069238
0.2733097050196957 0.40140799716345943
0.2869984979375564 0.40710896800519913
0.3008318555549883 0.412388118931782
0.3148133591441015 0.417244642542847
0.328946582884664 0.4216777532618355
0.3432347376414498 0.42568750232206276
0.35766835049571416 0.4292734122475754
0.37221299686349163 0.4324317810128514
0.38683124501060473 0.4351585087142569
0.40148565809188674 0.437449527717149
0.4161386487158351 0.4393017208835122
0.43075367109637375 0.44071307498568113
0.4453382110818874 0.4416823939088289
0.4599552230776615 0.44220943646869154
0.474671198347803 0.4422940671886688
0.4895526281564193 0.44193718140914695
0.5046660037676173 0.4411407052874981
0.5200723992642452 0.43990641483471155
0.5357479310754667 0.4382330284333146
0.5516012702209964 0.436116895684076
0.5675394011645258 0.4335553823401769
0.5834694589160825 0.4305468046514251
0.5992985835966834 0.42708951113661986
0.6149414046016437 0.4231824918417587
0.6303746574948459 0.4188301283986889
0.6456061328241453 0.41404053401438545
0.6606441150195 0.40882268898423224
0.6754968956032119 0.40318559542741494
0.6901727660975816 0.3971382554631195
0.7046765533479507 0.39068909015816533
0.7189968836847184 0.38384441210825626
0.7331177624530157 0.37661031349953883
0.7470232011149505 0.36899290005098234
0.76069721113263 0.3609982774815566
0.7741238765627698 0.35263265191218224
0.7872881538597999 0.3439040133383948
0.8001757919979068 0.33482309297340357
0.8127726071846454 0.3254010038554131
0.8250644156275702 0.3156488590226274
0.83703713972491 0.30557787835202577
0.8486777241081686 0.29520017845738733
0.859981543798963 0.28452566299256443
0.8709576770790163 0.2735596037960168
0.8816165567209395 0.26230681435438863
0.891968767493525 0.2507722166015267
0.9020260175123397 0.2389615339638869
0.9117989037233754 0.22688127528976557
0.9212552086564145 0.21454925266133296
0.9303164826722583 0.20199548119290256
0.9389021577142788 0.18925068031713999
0.9469328051625371 0.17634618466813876
0.9543294396236701 0.16331356818562764
0.961019025144987 0.1501829721803082
0.9670028389204658 0.13696663363170308
0.9723329907830082 0.12366471064256752
0.9770642745678516 0.11027762482014644
0.9812520625194694 0.09680596472673066
0.9849517273182136 0.08325031905042388
0.9882186416444348 0.06961127647933078
0.9911081781784852 0.05588942570155538
0.9936757096007155 0.042085355405201634
0.9959766085914772 0.02819965427837421
0.9980662478311216 0.014232911009176874
1.0 0.0001857142857142857

0.0 0.0
0.0006359182208059426 -0.01412225460916952
0.0016406953017271703 -0.02814645284328223
0.00302555123507917 -0.04206858165359917
0.004801706013177429 -0.055884627991381386
0.006980379628337434 -0.06959057880788991
0.009572792072874673 -0.0831824210543858
0.012590163339104636 -0.0966561416821301
0.016043713419342805 -0.11000772764238387
0.01994466230590467 -0.12323316588640809
0.02430422955522838 -0.1363284434912778
0.029133056314515394 -0.14928971448911296
0.0344398483379804 -0.16211351198665425
0.040221652497730874 -0.1747903378490059
0.04645883157594681 -0.187301686369975
0.053130411872669814 -0.19962833136176755
0.06021497646136678 -0.21175128594222542
0.067689968978815 -0.22365217843061783
0.07553289505444728 -0.23531298337148235
0.08372613832044143 -0.2467206771829094
0.09225659767682248 -0.2578668703401797
0.10111083890034556 -0.26874370724019664
0.110274304420991 -0.27934413377247247
0.11973228467255796 -0.2896612042737218
0.12947268417116892 -0.29968774658214076
0.1395098423406756 -0.30941430168584605
0.14987297439592215 -0.3188305592144468
0.16059056039697966 -0.3279271223061476
0.17169097421324533 -0.33669470093792775
0.18320258971411635 -0.34512400508676666
0.19514465207555445 -0.35320572458845
0.2074838817426318 -0.36093099565658265
0.22016779710703868 -0.368291925276224
0.23314382248684087 -0.3752807198815753
0.2463593822001039 -0.3818895859068382
0.2597618955292963 -0.3881107435140373
0.2733097050196957 -0.3939373289155698
0.2869984979375564 -0.39936418268748136
0.3008318555549883 -0.4043863630734019
0.3148133591441015 -0.4089989283169614
0.328946582884664 -0.4131969584855919
0.3432347376414498 -0.41697638576349916
0.35766835049571416 -0.420334767354194
0.37221299686349163 -0.4232707916811678
0.38683124501060473 -0.42578327474695504
0.40148565809188674 -0.42787106482308085
0.4161386487158351 -0.42953396067769783
0.43075367109637375 -0.4307727737513218
0.4453382110818874 -0.4315858203657787
0.4599552230776615 -0.43196820009605164
0.474671198347803 -0.4319148522248255
0.4895526281564193 -0.4314217468517713
0.5046660037676173 -0.4304858848935464
0.5200723992642452 -0.4291046033209208
0.5357479310754667 -0.427279806558581
0.5516012702209964 -0.4250170844180306
0.5675394011645258 -0.42232320962995534
0.5834694589160825 -0.4192059054216681
0.5992985835966834 -0.41567292728947286
0.6149414046016437 -0.41173153929725664
0.6303746574948459 -0.407385005442267
0.6456061328241453 -0.402635677554805
0.6606441150195 -0.39748674154974994
0.6754968956032119 -0.391941405165783
0.6901727660975816 -0.3860028761415857
0.7046765533479507 -0.3796748714847201
0.7189968836847184 -0.37296420457815355
0.7331177624530157 -0.3658790197605862
0.7470232011149505 -0.3584274751697329
0.76069721113263 -0.3506177289433088
0.7741238765627698 -0.34245803852627643
0.7872881538597999 -0.3339575110456505
0.8001757919979068 -0.32512535825284217
0.8127726071846454 -0.31597071189623677
0.8250644156275702 -0.3065027037242194
0.83703713972491 -0.29673057232394995
0.8486777241081686 -0.2866644844836403
0.859981543798963 -0.276314948425385
0.8709576770790163 -0.2656922397617015
0.8816165567209395 -0.25480661071510696
0.891968767493525 -0.24366842195532132
0.9020260175123397 -0.23228883564467354
0.9117989037233754 -0.22067938407076293
0.9212552086564145 -0.20885189009582056
0.9303164826722583 -0.1968184885053976
0.9389021577142788 -0.1845914270924607
0.9469328051625371 -0.17218356885140437
0.9543294396236701 -0.15960801608225844
0.961019025144987 -0.1468778155500876
0.9670028389204658 -0.13400531353555908
0.9723329907830082 -0.12100247187847406
0.9770642745678516 -0.10788173940345205
0.9812520625194694 -0.09465573189015852
0.9849517273182136 -0.08133706524407179
0.9882186416444348 -0.06793835537067112
0.9911081781784852 -0.054472218175435176
0.9936757096007155 -0.0409512695638425
0.9959766085914772 -0.027388125441372396
0.9980662478311216 -0.013795401713503224
1.0 -0.0001857142857142857
