Airfoil Transition 2 between Circle_Section.txt and NACA_4412.txt
 61. 61.

0.0 0.0
0.0010271932612255128 0.013155194676534452
0.0022831458954572356 0.025990736514511045
0.0037935077886962153 0.03853320830299141
0.005583928826943502 0.05080919283103719
0.007680058896200139 0.06284527288771
0.01010754788246718 0.07466803126207149
0.012892045671745673 0.08630405074318331
0.016059202150036662 0.09777991412010709
0.019634667203341193 0.10912220418190444
0.023644090354429208 0.12035750382248192
0.02811263911837339 0.13151253506495036
0.03306361533270564 0.1426139693681057
0.038497373784425186 0.15366427578807706
0.044380901080676396 0.16463020645080612
0.05067851202210413 0.17547565494184258
0.057354152053874376 0.18616471426809944
0.06437081709057839 0.19666199010434585
0.07169183770471622 0.20693289467450454
0.07929030047427782 0.21695742584046834
0.08714832528371143 0.22672909100762978
0.09524795317283308 0.23624220634375637
0.1035702890591465 0.24549175592712275
0.11209631119667111 0.2544728142086724
0.12081222600407265 0.2631814119409837
0.1297571143039616 0.27162325521328506
0.1390003637077288 0.2798100651699042
0.1486109698114095 0.287754407042945
0.15865783971881067 0.29546893509682376
0.1692098805337393 0.3029663035959568
0.180317748626589 0.3102539096405432
0.1919275656864372 0.3173096047894233
0.2039479218842143 0.32410144925957474
0.21628730376715277 0.3305975737206187
0.22885419788248493 0.3367661088421767
0.2415570888422907 0.34257519788708246
0.2543267421255689 0.34800046927295464
0.2671692566340451 0.35304152335979144
0.2801065713945224 0.3577028660579738
0.2931606254338037 0.36198900327788236
0.3063533518684071 0.3659044591163998
0.319706278852136 0.36945444148978923
0.33321598482891995 0.37264181511008954
0.3468291728383452 0.37546290965898055
0.3604865316195742 0.37791325906191886
0.37412874565261167 0.37998842413518685
0.3876963739621824 0.3816847577755896
0.40113225891053855 0.38299955717118583
0.4144673170157052 0.3839316849999576
0.42784340190950904 0.3844819138010123
0.44140944094142 0.3846511752409669
0.45531436146090815 0.38444126000059364
0.46970709081744355 0.38385481777481983
0.48472572199797803 0.38289414567798813
0.5003384326820953 0.38155542556751787
0.516378498843628 0.37983003300155715
0.5326756232176896 0.37771011231363144
0.5490596339946733 0.37518859991778886
0.5653603636241304 0.37225845911890343
0.5814226231042081 0.36891393627624636
0.597215407844091 0.3651599749895662
0.6127694053637445 0.36100769622318085
0.6281159692800677 0.3564689653178577
0.6432864591202464 0.3515556658008656
0.6583122344114649 0.3462796811994738
0.673217673213624 0.34065163058815373
0.6879941085759655 0.33467665135285446
0.7026231972358947 0.32835858703564474
0.7170866000287274 0.3217012922654571
0.7313659777897799 0.31470862167122404
0.745443052020033 0.3073845145844187
0.75930041642728 0.299735279499968
0.7729217349783636 0.29177200024685185
0.7862907994534062 0.283506515164866
0.7993914016325298 0.2749506625938059
0.812207421788085 0.26611636990577925
0.8247237063647818 0.2570162730712846
0.8369414073807614 0.2476580235456452
0.8488890787858905 0.23804000453690882
0.8605979835118125 0.2281596825494922
0.8720995111536551 0.21801461446048093
0.8834259874288578 0.20760302505746808
0.8946069283138025 0.19692429086847546
0.9055862181816884 0.18600039291237053
0.9162152770677522 0.17487771827230683
0.9263410774997747 0.1636039489223911
0.9358115415361109 0.1522272795045865
0.9444749605905953 0.14079610408221907
0.9521915238006313 0.1293559508354566
0.9589700465969591 0.11791653928210832
0.9649206389744845 0.10646332418172746
0.9701567738243518 0.0949817085379387
0.9747924060454023 0.08345723448357166
0.9789414908997092 0.07187544425630003
0.9827179836493445 0.060221880093798266
0.9862358395563816 0.04848208423374036
0.989609013882893 0.03664159891380016
0.9929514618909514 0.024685966371652185
0.9963771388426295 0.012600728844970167
1.0 0.0003714285714285714

0.0 0.0
0.0010271932612255128 -0.01237941604495536
0.0022831458954572356 -0.024579563501468293
0.0037935077886962153 -0.0366080514105952
0.005583928826943502 -0.048472488813392486
0.007680058896200139 -0.060180484750916544
0.01010754788246718 -0.0717396482642238
0.012892045671745673 -0.08315758839437065
0.016059202150036662 -0.09444191418241352
0.019634667203341193 -0.10560023466940874
0.023644090354429208 -0.11664015900125774
0.02811263911837339 -0.127569435453066
0.03306361533270564 -0.13839599168427233
0.038497373784425186 -0.1491155858663208
0.044380901080676396 -0.159705961028061
0.05067851202210413 -0.1701434186100369
0.057354152053874376 -0.18040445947415548
0.06437081709057839 -0.19046609715018004
0.07169183770471622 -0.200305923872659
0.07929030047427782 -0.20991153562324633
0.08714832528371143 -0.21927979452107443
0.09524795317283308 -0.22840821142526857
0.1035702890591465 -0.23729496510546122
0.11209631119667111 -0.24593832470395366
0.12081222600407265 -0.25433610636600934
0.1297571143039616 -0.2624815479202432
0.1390003637077288 -0.27036562588293356
0.1486109698114095 -0.27798005891233996
0.15865783971881067 -0.28531665469903394
0.1692098805337393 -0.29236722093358736
0.180317748626589 -0.29912351588501085
0.1919275656864372 -0.3055774834766578
0.2039479218842143 -0.31172181058901516
0.21628730376715277 -0.3175492668994925
0.22885419788248493 -0.3230526220854994
0.2415570888422907 -0.3282246573013094
0.2543267421255689 -0.33305913277717536
0.2671692566340451 -0.3375519527243559
0.2801065713945224 -0.3416993543412136
0.2931606254338037 -0.34549757482611104
0.3063533518684071 -0.3489428695639126
0.319706278852136 -0.352032208372662
0.33321598482891995 -0.3547645253233266
0.3468291728383452 -0.3571409309956134
0.3604865316195742 -0.3591627911273152
0.37412874565261167 -0.3608314983470505
0.3876963739621824 -0.3621492373639608
0.40113225891053855 -0.36311895470246713
0.4144673170157052 -0.36373853791385713
0.42784340190950904 -0.36399944105573256
0.44140944094142 -0.3638927453132802
0.45531436146090815 -0.36341039088584237
0.46970709081744355 -0.36254517698691635
0.48472572199797803 -0.3612905226504067
0.5003384326820953 -0.3596489818180507
0.516378498843628 -0.3576304104694662
0.5326756232176896 -0.3552457668931883
0.5490596339946733 -0.35250680145827484
0.5653603636241304 -0.34942529142460943
0.5814226231042081 -0.3460120311872422
0.597215407844091 -0.3422697290767224
0.6127694053637445 -0.33819798330401996
0.6281159692800677 -0.33379707044889306
0.6432864591202464 -0.32906728527760176
0.6583122344114649 -0.3240089225564061
0.673217673213624 -0.3186231932412633
0.6879941085759655 -0.31291623629264903
0.7026231972358947 -0.30689599955773955
0.7170866000287274 -0.3005704425029581
0.7313659777897799 -0.29394752459472834
0.745443052020033 -0.287035287812607
0.75930041642728 -0.27984227491447927
0.7729217349783636 -0.27237653080572893
0.7862907994534062 -0.2646459312465135
0.7993914016325298 -0.25665835199698983
0.812207421788085 -0.24842175784962767
0.8247237063647818 -0.23994488512379053
0.8369414073807614 -0.23123659441128636
0.8488890787858905 -0.2223052764682782
0.8605979835118125 -0.21315927527092893
0.8720995111536551 -0.2038070251680702
0.8834259874288578 -0.19425762841904137
0.8946069283138025 -0.1845205084304702
0.9055862181816884 -0.17460566778134573
0.9162152770677522 -0.16452373289729694
0.9263410774997747 -0.1542854424730325
0.9358115415361109 -0.14390204787111777
0.9444749605905953 -0.13338499987548064
0.9521915238006313 -0.12274563757501539
0.9589700465969591 -0.11199389908982031
0.9649206389744845 -0.10113884665354053
0.9701567738243518 -0.09018993770454994
0.9747924060454023 -0.07915676881042741
0.9789414908997092 -0.06804893664359585
0.9827179836493445 -0.056876037876478956
0.9862358395563816 -0.04564766918149994
0.989609013882893 -0.03437342723108189
0.9929514618909514 -0.023062908697648554
0.9963771388426295 -0.01172571025362287
1.0 -0.0003714285714285714
