Airfoil Transition 3 between Circle_Section.txt and NACA_4412.txt
 61. 61.

0.0 0.0
0.001418468301645083 0.011800245428109838
0.002925596489187301 0.023129433679218485
0.0045614643423132605 0.034035256506185545
0.006366151640709573 0.04456540566187063
0.008379738164062844 0.054767572899133365
0.010642303692059686 0.06468944997083334
0.013193928004386709 0.0743787286298302
0.016074690880730515 0.08388310062898352
0.019324672100777717 0.09325025772115292
0.02298395115363003 0.10252789174307397
0.02709222192223138 0.1117638058348456
0.03168738232743087 0.12100543790764046
0.03677309507111949 0.1302638687662701
0.042302970585405976 0.1394966038202647
0.04822661217153846 0.14865686035601475
0.05449332764638196 0.1576980151970015
0.06105166520234176 0.16657385530099095
0.06785078035498515 0.17523932057660396
0.07485446262811421 0.18367122938941627
0.08204005289060037 0.19186666343180223
0.0893850674453206 0.1998237079880722
0.09686627369730201 0.2075409826709423
0.10446033772078428 0.21501717939126366
0.11215176783697639 0.22225242451233945
0.12000438626724762 0.22926135509420315
0.12812775301953547 0.23606735148187624
0.13663137922583934 0.24269451771443987
0.14562470522437598 0.24916702905682486
0.15521717135336224 0.2555090607739622
0.16549084517762352 0.2617368978148702
0.17637124963024264 0.2678221532658812
0.18772804666138992 0.27372115390764573
0.19943078504746464 0.279390274149099
0.21134901356486596 0.2847858883991766
0.2233522821552851 0.28986438196724107
0.235343779231442 0.29459294138244985
0.2473400153305338 0.29897407871438375
0.2593812872340564 0.30301761318416554
0.2715078917235059 0.3067333640129177
0.2837601208521502 0.31013116497096416
0.2961778200628222 0.3132213806575157
0.3087636191621257 0.31601021797260365
0.32144534881319875 0.3184940383051097
0.3341418182285437 0.32066800940958085
0.3467718332133366 0.3225273205532247
0.3592540992085297 0.3240677946676669
0.3715108467247033 0.32528603935669054
0.383596422949523 0.3261809760910863
0.3957315807413566 0.32675439113333304
0.4081476835350369 0.3270082832932649
0.42107609476539704 0.32694533859204034
0.4347481778672697 0.3265689302621415
0.449379044731711 0.3258818765212647
0.4649289342887239 0.32487782270172116
0.4811557274662595 0.32354317031903823
0.4978118452708533 0.321864842287086
0.5146498090732641 0.3198303951841526
0.5314221436515774 0.317427407101187
0.5479038416067724 0.314645380710734
0.5640561581933362 0.31148982158044347
0.5799326779033437 0.30797485843197625
0.5955878235406356 0.3041152416514831
0.6110760226372808 0.29992573617431634
0.6264517027253482 0.29542110693582807
0.6417587930792975 0.29061417101814213
0.6569913334672128 0.28550889059745266
0.6721286320187736 0.2801068605717507
0.6871499989425043 0.27440968447993175
0.7020347444469297 0.26841896586089153
0.7167622274772962 0.2621363772566551
0.7313126789947599 0.2555665456615411
0.7456676779588203 0.24872090752030007
0.759808991722167 0.241612026474319
0.7737183876374895 0.23425246616498438
0.7873777038512602 0.22665486145953273
0.8007696886213949 0.21883236768518183
0.8139012709625597 0.21079038409872597
0.8268204804927648 0.20252040527780085
0.8395794103026856 0.19401255074459584
0.8522302548137851 0.1852570123194352
0.8648259573453759 0.17624451615104927
0.8774149529042297 0.16696730644718533
0.8899172277069621 0.1574515331634081
0.9021140714632461 0.14775995535171113
0.9137799972852707 0.13795721752764223
0.9246902779096847 0.12810837434103425
0.9346204815575205 0.11827863997881048
0.9433640224562756 0.10852892949060494
0.9509372542734524 0.09886644493251356
0.9575082871659608 0.08926193772088742
0.9632492730808522 0.07968579225573097
0.9683327495713352 0.07010850424041268
0.9729312544812047 0.060500569462176176
0.977217325654254 0.05083248370826576
0.981363500934278 0.041074742765925334
0.9855423181650705 0.031197842422398692
0.9899263151904256 0.02117227846493016
0.9946880298541374 0.010968546680763462
1.0 0.0005571428571428571

0.0 0.0
0.001418468301645083 -0.010636577480741202
0.002925596489187301 -0.021012674159654354
0.0045614643423132605 -0.031147521167591227
0.006366151640709573 -0.04106034963540359
0.008379738164062844 -0.050770390693943186
0.010642303692059686 -0.0602968754740618
0.013193928004386709 -0.0696590351066112
0.016074690880730515 -0.07887610072244317
0.019324672100777717 -0.0879673034524094
0.02298395115363003 -0.09695187451123768
0.02709222192223138 -0.10584915641701904
0.03168738232743087 -0.11467847138189044
0.03677309507111949 -0.1234408338836357
0.042302970585405976 -0.13211023568614705
0.04822661217153846 -0.1406585058583062
0.05449332764638196 -0.14905763300608554
0.06105166520234176 -0.15728001586974222
0.06785078035498515 -0.16529886437383567
0.07485446262811421 -0.17310239406358324
0.08204005289060037 -0.18069271870196918
0.0893850674453206 -0.1880727156103405
0.09686627369730201 -0.19524579643845003
0.10446033772078428 -0.2022154451341855
0.11215176783697639 -0.20898446614987784
0.12000438626724762 -0.2155487941546403
0.12812775301953547 -0.2219006925514203
0.13663137922583934 -0.22803299551853223
0.14562470522437598 -0.23393860846014009
0.15521717135336224 -0.23961043678040808
0.16549084517762352 -0.2450413071815716
0.17637124963024264 -0.2502239712967329
0.18772804666138992 -0.2551516959018063
0.19943078504746464 -0.25981781391740966
0.21134901356486596 -0.26421565826416066
0.2233522821552851 -0.2683385710885815
0.235343779231442 -0.27218093663878096
0.2473400153305338 -0.27573972276123043
0.2593812872340564 -0.2790123456090253
0.2715078917235059 -0.2819962213352607
0.2837601208521502 -0.2846887806422334
0.2961778200628222 -0.2870880309818249
0.3087636191621257 -0.2891942832924592
0.32144534881319875 -0.2910110703100589
0.3341418182285437 -0.2925423075076753
0.3467718332133366 -0.2937919318710202
0.3592540992085297 -0.2947645140502238
0.3715108467247033 -0.29546513565361243
0.383596422949523 -0.2958912554619356
0.3957315807413566 -0.2960306820154134
0.4081476835350369 -0.29587063840173494
0.42107609476539704 -0.29539903491991343
0.4347481778672697 -0.29460446908028637
0.449379044731711 -0.29347644197989253
0.4649289342887239 -0.2920181570775205
0.4811557274662595 -0.29024373652090185
0.4978118452708533 -0.28816832415642135
0.5146498090732641 -0.28580769749488155
0.5314221436515774 -0.28317765555974606
0.5479038416067724 -0.28029252307722774
0.5640561581933362 -0.2771544527111778
0.5799326779033437 -0.27376028905323485
0.5955878235406356 -0.27010739934803624
0.6110760226372808 -0.2661931653894205
0.6264517027253482 -0.26201496897122656
0.6417587930792975 -0.2575715149978065
0.6569913334672128 -0.25286826800714446
0.6721286320187736 -0.24791297935489287
0.6871499989425043 -0.2427134098361834
0.7020347444469297 -0.23727732024614792
0.7167622274772962 -0.23161253709893764
0.7313126789947599 -0.22572703878330808
0.7456676779588203 -0.21962770335861576
0.759808991722167 -0.2133211505967901
0.7737183876374895 -0.20681400026976027
0.7873777038512602 -0.20011294337530536
0.8007696886213949 -0.19322528576394074
0.8139012709625597 -0.1861582403971877
0.8268204804927648 -0.17891831317485493
0.8395794103026856 -0.1715119398267509
0.8522302548137851 -0.1639456283808191
0.8648259573453759 -0.15622642119340924
0.8774149529042297 -0.14836163279017747
0.8899172277069621 -0.1403594454668709
0.9021140714632461 -0.13222897728919625
0.9137799972852707 -0.12397945785360433
0.9246902779096847 -0.11562052689083112
0.9346204815575205 -0.10716198366870285
0.9433640224562756 -0.09861345959994315
0.9509372542734524 -0.08998248464408155
0.9575082871659608 -0.08127522142860702
0.9632492730808522 -0.07249813600564783
0.9683327495713352 -0.06365780573069629
0.9729312544812047 -0.0547608080431199
0.977217325654254 -0.045813720382286795
0.981363500934278 -0.0368231201875647
0.9855423181650705 -0.027795584898321287
0.9899263151904256 -0.01873769195392471
0.9946880298541374 -0.009656018793742517
1.0 -0.0005571428571428571
