Airfoil Transition 5 between Circle_Section.txt and NACA_4412.txt
 61. 61.

0.0 0.0
0.0022010183824842234 0.009090346931260613
0.0042104976766474305 0.01740682800863336
0.006097377449547352 0.025039352912573812
0.007930597268241718 0.03207783132353754
0.009779096699788256 0.03861217292198009
0.0117118153112447 0.044732287388357043
0.013797692669668783 0.05052808440312395
0.016105668342118223 0.0560894736467364
0.018704681895650763 0.06150636479964991
0.021663672752031682 0.06686866758425807
0.02505138752994737 0.07226634737463608
0.028934916316881328 0.07778837498671001
0.0333245376445081 0.0834630547226562
0.03814710959486514 0.0892293985591818
0.043322812470407104 0.0950192711843591
0.048771678831397144 0.10076461705480555
0.054413361425868514 0.1063975856942812
0.060168665655523035 0.11185217238080283
0.065982786935787 0.11709883648731212
0.07182350810437826 0.12214180828014709
0.07765929599029564 0.12698671127670383
0.08345824297361301 0.13163943615858134
0.0891883907690106 0.13610590975644615
0.09483085150278386 0.14039444965505093
0.10049893019381964 0.14453755485603928
0.10638253164314879 0.14858192410582038
0.112672198054699 0.15257473905742955
0.11955843623550665 0.15656321697682704
0.12723175299260814 0.16059457512997302
0.13583703827969257 0.1647028741635242
0.1452586175178535 0.168847250218797
0.1552882962157412 0.1729605632037876
0.16571774760808844 0.17697567500605954
0.17633864492962797 0.18082544751317647
0.18694266878127386 0.1844427501275584
0.1973778534431883 0.1877778856014402
0.2076815327235112 0.19083918942356842
0.21793071891312454 0.19364710743654917
0.22820242430291032 0.19622208548298836
0.23857365881963644 0.19858457668009277
0.24912090248419455 0.2007552589929687
0.2598588878285373 0.2027470236976318
0.270677700762906 0.20455629559736804
0.2814523914464827 0.20617751010490487
0.29205800833478646 0.20760511338930043
0.3023695497012243 0.20883386845182167
0.31226802235303286 0.2098590037277
0.3218546348171586 0.21067955827334378
0.33150793840505166 0.21129934579797466
0.3416241687222708 0.21172249939786109
0.35259956137437476 0.21195349577493366
0.36483035196692215 0.21199715523678492
0.37868569019917675 0.21185733820781794
0.394109937501981 0.2115226169701277
0.4107101847115227 0.21096944495400038
0.4280842893771808 0.2101743022339952
0.4458301592304457 0.20911398571688022
0.4635457037064714 0.20776530306575408
0.4808662786119011 0.20610826957970935
0.4977376588918264 0.204149514762198
0.5142592229825421 0.201909182849567
0.530531532061771 0.199407794318734
0.5466551496713496 0.19666587692121773
0.562730639353115 0.1937039584085367
0.5788410328106444 0.190539251878119
0.5949857832497074 0.18717336908664897
0.6111395015845313 0.18360340764396263
0.6272767967700581 0.17982646890888127
0.6433722777612294 0.17583965424022643
0.6594005783918228 0.17164010260112803
0.67533720412972 0.16722907798468734
0.6911595639197337 0.16261872206719657
0.7068453762596885 0.15782304909322495
0.7223723596474088 0.15285607330734133
0.7377182679776102 0.14773184456703972
0.7528616531346212 0.14246455691297638
0.7678209981261565 0.13705510520488748
0.7826832839065133 0.13148120675958494
0.7975422638844317 0.12571828713480307
0.8124917421340452 0.11974180803734372
0.8276258971784123 0.11352749833821166
0.8430310020850839 0.10705333760460511
0.8585792467575097 0.10035381366548321
0.8739116602542338 0.09352442951051973
0.8886578368562628 0.08666375473814444
0.9024477506568325 0.07987056401392977
0.9149115234913711 0.07324371177199335
0.9257090197675643 0.0668748868009017
0.9348716696264392 0.06076625623332403
0.9426835835489135 0.05485916479920731
0.9494342715938527 0.049093959691315525
0.9554134366232009 0.0434110437540947
0.9609107816441956 0.037750819873928476
0.9662160096640732 0.03205369093720075
0.9716188236900709 0.026260059830295286
0.9774089267294255 0.02031032943959575
0.9838760217893741 0.014144902651486112
0.9913098118771532 0.007704182352350051
1.0 0.0009285714285714285

0.0 0.0
0.0022010183824842234 -0.007150900352312882
0.0042104976766474305 -0.013878895476026484
0.006097377449547352 -0.02022646068158329
0.007930597268241718 -0.026236071279425788
0.009779096699788256 -0.031950202579996465
0.0117118153112447 -0.03741132989373781
0.013797692669668783 -0.04266192853109231
0.016105668342118223 -0.04774447380250245
0.018704681895650763 -0.052701441018410705
0.021663672752031682 -0.05757530553119758
0.02505138752994737 -0.062408598344925154
0.028934916316881328 -0.06724343077712665
0.0333245376445081 -0.0720913299182655
0.03814710959486514 -0.07691878500231908
0.043322812470407104 -0.08168868035484486
0.048771678831397144 -0.08636398006994564
0.054413361425868514 -0.09090785330886664
0.060168665655523035 -0.095284745376189
0.065982786935787 -0.09948411094425705
0.07182350810437826 -0.1035185670637587
0.07765929599029564 -0.10740172398048439
0.08345824297361301 -0.11114745910442761
0.0891883907690106 -0.1147696859946492
0.09483085150278386 -0.11828118571761495
0.10049893019381964 -0.12168328662343453
0.10638253164314879 -0.12497082588839384
0.112672198054699 -0.12813886873091684
0.11955843623550665 -0.13118251598235242
0.12723175299260814 -0.13409686847404956
0.13583703827969257 -0.1368768897746932
0.1452586175178535 -0.1395169469368831
0.1552882962157412 -0.14201146652738866
0.16571774760808844 -0.14435490795324396
0.17633864492962797 -0.14654173062148318
0.18694266878127386 -0.14856639866312582
0.1973778534431883 -0.15042454436199204
0.2076815327235112 -0.1521152628349795
0.21793071891312454 -0.15363832814464873
0.22820242430291032 -0.15499351435356012
0.23857365881963644 -0.1561806027988749
0.24912090248419455 -0.15719967620015057
0.2598588878285373 -0.1580537992307245
0.270677700762906 -0.15875134893895004
0.2814523914464827 -0.1593013402683956
0.29205800833478646 -0.15971279891895956
0.3023695497012243 -0.15999506742274977
0.31226802235303286 -0.16015749755590314
0.3218546348171586 -0.1601966905580926
0.33150793840505166 -0.16009316393477524
0.3416241687222708 -0.15982642457864443
0.35259956137437476 -0.1593763229880556
0.36483035196692215 -0.15872305326702635
0.37868569019917675 -0.1578482806388643
0.394109937501981 -0.15675650759645998
0.4107101847115227 -0.15547038862377316
0.4280842893771808 -0.15401343868288742
0.4458301592304457 -0.15240948956809508
0.4635457037064714 -0.15068238383001925
0.4808662786119011 -0.1488535068571989
0.4977376588918264 -0.1469238999800886
0.5142592229825421 -0.1448849005516647
0.530531532061771 -0.14272805714632253
0.5466551496713496 -0.1404449256130581
0.562730639353115 -0.13802706180086755
0.5788410328106444 -0.1354681585108929
0.5949857832497074 -0.13277233143613537
0.6111395015845313 -0.12994693894919956
0.6272767967700581 -0.12699934450263395
0.6433722777612294 -0.12393691154898712
0.6594005783918228 -0.12076703567159891
0.67533720412972 -0.11749656652096568
0.6911595639197337 -0.11413004846438934
0.7068453762596885 -0.11067158929734344
0.7223723596474088 -0.10712529681530117
0.7377182679776102 -0.10349531442666074
0.7528616531346212 -0.09978608704424125
0.7678209981261565 -0.09600153236899042
0.7826832839065133 -0.09214438658800839
0.7975422638844317 -0.08821726893839482
0.8124917421340452 -0.0842228348063169
0.8276258971784123 -0.08016400674214494
0.8430310020850839 -0.07604388150959202
0.8585792467575097 -0.07186700083792122
0.8739116602542338 -0.06763946607299492
0.8886578368562628 -0.06336748861474795
0.9024477506568325 -0.059057484930257864
0.9149115234913711 -0.05471595125514728
0.9257090197675643 -0.05034910364979872
0.9348716696264392 -0.04595965575260402
0.9426835835489135 -0.04154797097873998
0.9494342715938527 -0.03711453260784363
0.9554134366232009 -0.03265987957123408
0.9609107816441956 -0.02818455084216802
0.9662160096640732 -0.023689085393902465
0.9716188236900709 -0.019174022199694232
0.9774089267294255 -0.014639900232800075
0.9838760217893741 -0.010087258466477032
0.9913098118771532 -0.0055166358739818094
1.0 -0.0009285714285714285
