Airfoil Transition 4 between Circle_Section.txt and NACA_4412.txt
 61. 61.

0.0 0.0
0.001809743342064653 0.010445296179685225
0.003568047082917366 0.02026813084392592
0.005329420895930306 0.029537304709379677
0.007148374454475645 0.03832161849270409
0.00907941743192555 0.04668987291055673
0.011177059501652193 0.05471086867959519
0.013495810337027746 0.062453406516477065
0.01609017961142437 0.06998628713785995
0.019014676998214238 0.07737831126040141
0.02232381195283086 0.08469827966366601
0.026071804726089377 0.09201507660474084
0.030311149322156096 0.09939690644717523
0.035048816357813796 0.10686346174446315
0.040225040090135555 0.11436300118972323
0.04577471232097278 0.12183806577018692
0.05163250323888956 0.12923131612590352
0.05773251331410514 0.13648572049763608
0.0640097230052541 0.14354574647870338
0.07041862478195061 0.1503850329383642
0.07693178049748932 0.15700423585597464
0.08352218171780812 0.163405209632388
0.09016225833545752 0.1695902094147618
0.09682436424489743 0.1755615445738549
0.10349130966988013 0.18132343708369517
0.11025165823053362 0.1868994549751212
0.11725514233134213 0.1923246377938483
0.12465178864026916 0.1976346283859347
0.13259157072994132 0.20286512301682594
0.1412244621729852 0.2080518179519676
0.15066394172865805 0.2132198859891972
0.16081493357404808 0.2183347017423391
0.17150817143856556 0.22334085855571667
0.18257426632777654 0.22818297457757927
0.19384382924724697 0.23280566795617652
0.2051474754682795 0.23715356604739973
0.21636081633731516 0.241185413491945
0.2275107740270225 0.24490663406897611
0.23865600307359047 0.24833236031035735
0.24985515801320812 0.25147772474795305
0.2611668898358933 0.25435787082552846
0.27264936127350836 0.2569883198252422
0.2843112534953315 0.2593786208351177
0.29606152478805237 0.26152516695123884
0.3077971048375132 0.2634227597572429
0.3194149207740615 0.26506621697126254
0.330811824454877 0.26645083155974425
0.3418894345388681 0.26757252154219524
0.35272552888334074 0.268430267182215
0.36361975957320414 0.2690268684656538
0.37488592612865385 0.26936539134556303
0.38683782806988587 0.26944941718348697
0.39978926491709593 0.26928304274946324
0.4140323674654438 0.2688696073645413
0.42951943589535246 0.2682002198359244
0.4459329560888911 0.2672563076365193
0.46294806732401705 0.26601957226054057
0.48023998415185487 0.2644721904505164
0.4974839236790244 0.2625963550834705
0.5143850601093367 0.26037682514522165
0.5308969085425813 0.25781966817132074
0.5470959504429429 0.2549420206407716
0.5630596778012033 0.2517615179851086
0.5788655861543153 0.24829580654776703
0.5945911710392316 0.24456253267218236
0.6102999129449709 0.2405767114481306
0.6259885583584601 0.2363411298420508
0.6416340668016525 0.23185513410785666
0.6572133978562812 0.2271180766944065
0.6727035111040796 0.22212931005055897
0.6880814029345595 0.21688823992889156
0.70332494156224 0.2113978118231142
0.718413620939277 0.20566981479374832
0.7333271839909277 0.19971753778377196
0.748045373642449 0.19355426973616285
0.7625479859144352 0.1871933530132862
0.7768156708780081 0.1806484622990791
0.790861134544358 0.1739227446518067
0.804751882199639 0.16700080601869288
0.8185608370935586 0.15986541893969944
0.8323609984739151 0.15249941017838944
0.8462259272618942 0.14488600724463047
0.8602229774946568 0.13701032202589522
0.874248237232236 0.12890267341444564
0.88801286585874 0.12064219243111542
0.9012189170707667 0.11231048613289332
0.9135690142832587 0.103989469177482
0.9247660025244459 0.09576117587540191
0.93453652111192 0.08770190814575332
0.9429044619499458 0.07981635058291879
0.9500959353574372 0.07206055126004736
0.9563417723373524 0.06438987597352325
0.961873093097268 0.05675977399725369
0.9669210180627001 0.049125694668052326
0.9717166676591636 0.04144308732273325
0.9764911623121745 0.033667401298110314
0.981475622447248 0.02575408593099722
0.9869011684898998 0.017658590558208138
0.9929989208656452 0.009336364516556755
1.0 0.0007428571428571428

0.0 0.0
0.001809743342064653 -0.008893738916527042
0.003568047082917366 -0.01744578481784042
0.005329420895930306 -0.025686990924587257
0.007148374454475645 -0.03364821045741469
0.00907941743192555 -0.04136029663696982
0.011177059501652193 -0.0488541026838998
0.013495810337027746 -0.05616048181885175
0.01609017961142437 -0.0633102872624728
0.019014676998214238 -0.07033437223541004
0.02232381195283086 -0.07726359002121762
0.026071804726089377 -0.08412887738097209
0.030311149322156096 -0.09096095107950854
0.035048816357813796 -0.0977660819009506
0.040225040090135555 -0.10451451034423306
0.04577471232097278 -0.11117359310657554
0.05163250323888956 -0.11771080653801558
0.05773251331410514 -0.12409393458930443
0.0640097230052541 -0.13029180487501232
0.07041862478195061 -0.13629325250392013
0.07693178049748932 -0.14210564288286393
0.08352218171780812 -0.14773721979541243
0.09016225833545752 -0.1531966277714388
0.09682436424489743 -0.15849256556441735
0.10349130966988013 -0.1636328259337464
0.11025165823053362 -0.1686160403890374
0.11725514233134213 -0.17343575921990706
0.12465178864026916 -0.17808593212472454
0.13259157072994132 -0.18256056222124625
0.1412244621729852 -0.1868536526272288
0.15066394172865805 -0.19095909847813242
0.16081493357404808 -0.194870459116808
0.17150817143856556 -0.1985815812145975
0.18257426632777654 -0.20208636093532678
0.19384382924724697 -0.2053786944428219
0.2051474754682795 -0.20845248487585366
0.21636081633731516 -0.2113027405003865
0.2275107740270225 -0.21392749279810494
0.23865600307359047 -0.21632533687683703
0.24985515801320812 -0.2184948678444104
0.2611668898358933 -0.22043469172055413
0.27264936127350836 -0.2221438535909877
0.2843112534953315 -0.22362404126159185
0.29606152478805237 -0.22488120962450447
0.3077971048375132 -0.22592182388803544
0.3194149207740615 -0.22675236539498989
0.330811824454877 -0.2273797907364868
0.3418894345388681 -0.22781131660475779
0.35272552888334074 -0.2280439730100141
0.36361975957320414 -0.2280619229750943
0.37488592612865385 -0.2278485314901897
0.38683782806988587 -0.22738767895398448
0.39978926491709593 -0.22666376117365633
0.4140323674654438 -0.2256623613093784
0.42951943589535246 -0.2243873323369902
0.4459329560888911 -0.2228570625723375
0.46294806732401705 -0.22109088141965438
0.48023998415185487 -0.21910859353148832
0.4974839236790244 -0.21693001969488263
0.5143850601093367 -0.21457301496721332
0.5308969085425813 -0.21203917634563318
0.5470959504429429 -0.20932259480244975
0.5630596778012033 -0.20641772824717936
0.5788655861543153 -0.2033190455012393
0.5945911710392316 -0.20002101538604705
0.6102999129449709 -0.19651983675434967
0.6259885583584601 -0.19282029972163992
0.6416340668016525 -0.18892995915204622
0.6572133978562812 -0.18485637716940864
0.6727035111040796 -0.1806071158975675
0.6880814029345595 -0.17618978638526825
0.70332494156224 -0.17161180265213685
0.718413620939277 -0.16687887591150255
0.7333271839909277 -0.1619963699470668
0.748045373642449 -0.1569696485425307
0.7625479859144352 -0.15180412890098305
0.7768156708780081 -0.14650568640409098
0.790861134544358 -0.14107988638308905
0.804751882199639 -0.13553134988143165
0.8185608370935586 -0.12986460438257283
0.8323609984739151 -0.12408423159356799
0.8462259272618942 -0.11819521396777707
0.8602229774946568 -0.11220275714988473
0.874248237232236 -0.10611322315239605
0.88801286585874 -0.09993422168109559
0.9012189170707667 -0.09367347323417613
0.9135690142832587 -0.0873390059105445
0.9247660025244459 -0.08093896746192505
0.93453652111192 -0.07448128162487093
0.9429044619499458 -0.06797107019834278
0.9500959353574372 -0.061411596203673494
0.9563417723373524 -0.054806334306745724
0.961873093097268 -0.04815884265096518
0.9669210180627001 -0.041472679442643955
0.9717166676591636 -0.034751402888094626
0.9764911623121745 -0.027998571193629467
0.981475622447248 -0.02121774256556068
0.9869011684898998 -0.014412475210200872
0.9929989208656452 -0.007586327333862162
1.0 -0.0007428571428571428
