/Users/matthewclarke/opt/anaconda3/lib/python3.8/site-packages/pkg_resources/__init__.py:123: PkgResourcesDeprecationWarning: Develop is an invalid version and will not be supported in a future release
  warnings.warn(
/Users/matthewclarke/opt/anaconda3/lib/python3.8/site-packages/pkg_resources/__init__.py:123: PkgResourcesDeprecationWarning: Develop is an invalid version and will not be supported in a future release
  warnings.warn(
Inputs
[0.5        0.135      2.         1.         0.0675     0.52359878
 1.         0.5        0.31415927]
Obj
[0.26607626]
Inputs
[0.500001   0.135      2.         1.         0.0675     0.52359878
 1.         0.5        0.31415927]
Obj
[0.26607566]
Inputs
[0.5        0.135001   2.         1.         0.0675     0.52359878
 1.         0.5        0.31415927]
Obj
[0.26607508]
Inputs
[0.5        0.135      1.999999   1.         0.0675     0.52359878
 1.         0.5        0.31415927]
Obj
[0.2660763]
Inputs
[0.5        0.135      2.         1.000001   0.0675     0.52359878
 1.         0.5        0.31415927]
Obj
[0.26607636]
Inputs
[0.5        0.135      2.         1.         0.067501   0.52359878
 1.         0.5        0.31415927]
Obj
[0.26607458]
Inputs
[0.5        0.135      2.         1.         0.0675     0.52359978
 1.         0.5        0.31415927]
Obj
[0.26607669]
Inputs
[0.5        0.135      2.         1.         0.0675     0.52359878
 1.000001   0.5        0.31415927]
Obj
[0.26607636]
Inputs
[0.5        0.135      2.         1.         0.0675     0.52359878
 1.         0.500001   0.31415927]
Obj
[0.26607589]
Inputs
[0.5        0.135      2.         1.         0.0675     0.52359878
 1.         0.5        0.31416027]
Obj
[0.26607704]
Inputs
[0.3        0.0675     1.499999   1.5        0.027      0.78539816
 2.         0.25       0.65190276]
Obj
[0.93623023]
Inputs
[0.300001   0.0675     1.499999   1.5        0.027      0.78539816
 2.         0.25       0.65190276]
Obj
[0.9362302]
Inputs
[0.3        0.067501   1.499999   1.5        0.027      0.78539816
 2.         0.25       0.65190276]
Obj
[0.93622991]
Inputs
[0.3        0.0675     1.5        1.5        0.027      0.78539816
 2.         0.25       0.65190276]
Obj
[0.93623022]
Inputs
[0.3        0.0675     1.499999   1.499999   0.027      0.78539816
 2.         0.25       0.65190276]
Obj
[0.93623022]
Inputs
[0.3        0.0675     1.499999   1.5        0.027001   0.78539816
 2.         0.25       0.65190276]
Obj
[0.93622976]
Inputs
[0.3        0.0675     1.499999   1.5        0.027      0.78539716
 2.         0.25       0.65190276]
Obj
[0.93623009]
Inputs
[0.3        0.0675     1.499999   1.5        0.027      0.78539816
 1.999999   0.25       0.65190276]
Obj
[0.93623022]
Inputs
[0.3        0.0675     1.499999   1.5        0.027      0.78539816
 2.         0.250001   0.65190276]
Obj
[0.93623014]
Inputs
[0.3        0.0675     1.499999   1.5        0.027      0.78539816
 2.         0.25       0.65190376]
Obj
[0.93623035]
Inputs
[0.50360138 0.24296424 2.         1.5        0.135      0.5852208
 2.         0.25       0.43779317]
Obj
[0.69060761]
Inputs
[0.50360238 0.24296424 2.         1.5        0.135      0.5852208
 2.         0.25       0.43779317]
Obj
[0.69060748]
Inputs
[0.50360138 0.24296524 2.         1.5        0.135      0.5852208
 2.         0.25       0.43779317]
Obj
[0.69060703]
Inputs
[0.50360138 0.24296424 1.999999   1.5        0.135      0.5852208
 2.         0.25       0.43779317]
Obj
[0.69060766]
Inputs
[0.50360138 0.24296424 2.         1.499999   0.135      0.5852208
 2.         0.25       0.43779317]
Obj
[0.69060757]
Inputs
[0.50360138 0.24296424 2.         1.5        0.134999   0.5852208
 2.         0.25       0.43779317]
Obj
[0.69060821]
Inputs
[0.50360138 0.24296424 2.         1.5        0.135      0.5852218
 2.         0.25       0.43779317]
Obj
[0.6906085]
Inputs
[0.50360138 0.24296424 2.         1.5        0.135      0.5852208
 1.999999   0.25       0.43779317]
Obj
[0.69060758]
Inputs
[0.50360138 0.24296424 2.         1.5        0.135      0.5852208
 2.         0.250001   0.43779317]
Obj
[0.69060733]
Inputs
[0.50360138 0.24296424 2.         1.5        0.135      0.5852208
 2.         0.25       0.43779417]
Obj
[0.69060822]
Inputs
[3.00000000e-01 6.75000000e-02 2.50000000e-01 1.12500025e+00
 3.42412791e-02 1.38888900e-13 2.50000000e-01 2.65625062e-01
 1.82938664e-11]
Obj
[nan]
Inputs
[0.48324124 0.22541781 1.825      1.46250003 0.12492413 0.52669872
 1.825      0.25156251 0.39401385]
Obj
[0.64416556]
Inputs
[0.48324224 0.22541781 1.825      1.46250003 0.12492413 0.52669872
 1.825      0.25156251 0.39401385]
Obj
[0.64416531]
Inputs
[0.48324124 0.22541881 1.825      1.46250003 0.12492413 0.52669872
 1.825      0.25156251 0.39401385]
Obj
[0.64416498]
Inputs
[0.48324124 0.22541781 1.825001   1.46250003 0.12492413 0.52669872
 1.825      0.25156251 0.39401385]
Obj
[0.6441655]
Inputs
[0.48324124 0.22541781 1.825      1.46250103 0.12492413 0.52669872
 1.825      0.25156251 0.39401385]
Obj
[0.64416561]
Inputs
[0.48324124 0.22541781 1.825      1.46250003 0.12492513 0.52669872
 1.825      0.25156251 0.39401385]
Obj
[0.64416488]
Inputs
[0.48324124 0.22541781 1.825      1.46250003 0.12492413 0.52669972
 1.825      0.25156251 0.39401385]
Obj
[0.64416624]
Inputs
[0.48324124 0.22541781 1.825      1.46250003 0.12492413 0.52669872
 1.825001   0.25156251 0.39401385]
Obj
[0.64416559]
Inputs
[0.48324124 0.22541781 1.825      1.46250003 0.12492413 0.52669872
 1.825      0.25156351 0.39401385]
Obj
[0.64416526]
Inputs
[0.48324124 0.22541781 1.825      1.46250003 0.12492413 0.52669872
 1.825      0.25156251 0.39401485]
Obj
[0.64416615]
Inputs
[0.3        0.0675     0.25       1.0768405  0.027      0.34173248
 2.         0.50991047 0.45836896]
Obj
[0.8327958]
Inputs
[0.300001   0.0675     0.25       1.0768405  0.027      0.34173248
 2.         0.50991047 0.45836896]
Obj
[0.83279594]
Inputs
[0.3        0.067501   0.25       1.0768405  0.027      0.34173248
 2.         0.50991047 0.45836896]
Obj
[0.83279533]
Inputs
[0.3        0.0675     0.250001   1.0768405  0.027      0.34173248
 2.         0.50991047 0.45836896]
Obj
[0.83279567]
Inputs
[0.3        0.0675     0.25       1.0768415  0.027      0.34173248
 2.         0.50991047 0.45836896]
Obj
[0.83279588]
Inputs
[0.3        0.0675     0.25       1.0768405  0.027001   0.34173248
 2.         0.50991047 0.45836896]
Obj
[0.83279087]
Inputs
[0.3        0.0675     0.25       1.0768405  0.027      0.34173348
 2.         0.50991047 0.45836896]
Obj
[0.83279652]
Inputs
[0.3        0.0675     0.25       1.0768405  0.027      0.34173248
 1.999999   0.50991047 0.45836896]
Obj
[0.83279575]
Inputs
[0.3        0.0675     0.25       1.0768405  0.027      0.34173248
 2.         0.50991147 0.45836896]
Obj
[0.83279552]
Inputs
[0.3        0.0675     0.25       1.0768405  0.027      0.34173248
 2.         0.50991047 0.45836996]
Obj
[0.83279692]
Inputs
[0.3        0.0675     0.47637874 1.24467052 0.04310289 0.59028236
 0.25       0.50864711 0.        ]
Obj
[0.97461864]
Inputs
[0.300001   0.0675     0.47637874 1.24467052 0.04310289 0.59028236
 0.25       0.50864711 0.        ]
Obj
[0.97461481]
Inputs
[0.3        0.067501   0.47637874 1.24467052 0.04310289 0.59028236
 0.25       0.50864711 0.        ]
Obj
[0.97461854]
Inputs
[0.3        0.0675     0.47637974 1.24467052 0.04310289 0.59028236
 0.25       0.50864711 0.        ]
Obj
[0.97461861]
Inputs
[0.3        0.0675     0.47637874 1.24467152 0.04310289 0.59028236
 0.25       0.50864711 0.        ]
Obj
[0.97461867]
Inputs
[0.3        0.0675     0.47637874 1.24467052 0.04310389 0.59028236
 0.25       0.50864711 0.        ]
Obj
[0.97461645]
Inputs
[0.3        0.0675     0.47637874 1.24467052 0.04310289 0.59028336
 0.25       0.50864711 0.        ]
Obj
[0.97461729]
Inputs
[0.3        0.0675     0.47637874 1.24467052 0.04310289 0.59028236
 0.250001   0.50864711 0.        ]
Obj
[0.97461712]
Inputs
[0.3        0.0675     0.47637874 1.24467052 0.04310289 0.59028236
 0.25       0.50864811 0.        ]
Obj
[0.97462058]
Inputs
[3.00000000e-01 6.75000000e-02 4.76378742e-01 1.24467052e+00
 4.31028893e-02 5.90282356e-01 2.50000000e-01 5.08647107e-01
 1.00000000e-06]
Obj
[0.97461497]
Inputs
[0.68007585 0.20302218 0.58489252 1.5        0.09577153 0.69720408
 0.73756819 1.5        0.        ]
Obj
[0.50473128]
Inputs
[0.68007685 0.20302218 0.58489252 1.5        0.09577153 0.69720408
 0.73756819 1.5        0.        ]
Obj
[0.50473027]
Inputs
[0.68007585 0.20302318 0.58489252 1.5        0.09577153 0.69720408
 0.73756819 1.5        0.        ]
Obj
[0.50473107]
Inputs
[0.68007585 0.20302218 0.58489352 1.5        0.09577153 0.69720408
 0.73756819 1.5        0.        ]
Obj
[0.5047312]
Inputs
[0.68007585 0.20302218 0.58489252 1.499999   0.09577153 0.69720408
 0.73756819 1.5        0.        ]
Obj
[0.50473124]
Inputs
[0.68007585 0.20302218 0.58489252 1.5        0.09577253 0.69720408
 0.73756819 1.5        0.        ]
Obj
[0.50473055]
Inputs
[0.68007585 0.20302218 0.58489252 1.5        0.09577153 0.69720508
 0.73756819 1.5        0.        ]
Obj
[0.5047308]
Inputs
[0.68007585 0.20302218 0.58489252 1.5        0.09577153 0.69720408
 0.73756919 1.5        0.        ]
Obj
[0.50473075]
Inputs
[0.68007585 0.20302218 0.58489252 1.5        0.09577153 0.69720408
 0.73756819 1.499999   0.        ]
Obj
[0.50473089]
Inputs
[6.80075851e-01 2.03022178e-01 5.84892518e-01 1.50000000e+00
 9.57715344e-02 6.97204081e-01 7.37568186e-01 1.50000000e+00
 1.00000000e-06]
Obj
[0.50472794]
Inputs
[0.69999985 0.24587989 0.43003752 0.67943317 0.13499998 0.68971026
 0.75245049 1.4999996  0.17234957]
Obj
[0.16379171]
Inputs
[0.69999885 0.24587989 0.43003752 0.67943317 0.13499998 0.68971026
 0.75245049 1.4999996  0.17234957]
Obj
[0.16379229]
Inputs
[0.69999985 0.24588089 0.43003752 0.67943317 0.13499998 0.68971026
 0.75245049 1.4999996  0.17234957]
Obj
[0.16379152]
Inputs
[0.69999985 0.24587989 0.43003852 0.67943317 0.13499998 0.68971026
 0.75245049 1.4999996  0.17234957]
Obj
[0.16379165]
Inputs
[0.69999985 0.24587989 0.43003752 0.67943417 0.13499998 0.68971026
 0.75245049 1.4999996  0.17234957]
Obj
[0.16379178]
Inputs
[0.69999985 0.24587989 0.43003752 0.67943317 0.13499898 0.68971026
 0.75245049 1.4999996  0.17234957]
Obj
[0.16379204]
Inputs
[0.69999985 0.24587989 0.43003752 0.67943317 0.13499998 0.68971126
 0.75245049 1.4999996  0.17234957]
Obj
[0.16379153]
Inputs
[0.69999985 0.24587989 0.43003752 0.67943317 0.13499998 0.68971026
 0.75245149 1.4999996  0.17234957]
Obj
[0.16379153]
Inputs
[0.69999985 0.24587989 0.43003752 0.67943317 0.13499998 0.68971026
 0.75245049 1.4999986  0.17234957]
Obj
[0.1637916]
Inputs
[0.69999985 0.24587989 0.43003752 0.67943317 0.13499998 0.68971026
 0.75245049 1.4999996  0.17235057]
Obj
[0.16379117]
Inputs
[0.5103359  0.23977411 0.25       0.53768621 0.09305382 0.64712364
 0.68757146 1.31423696 0.25647422]
Obj
[0.27643468]
Inputs
[0.5103369  0.23977411 0.25       0.53768621 0.09305382 0.64712364
 0.68757146 1.31423696 0.25647422]
Obj
[0.27643385]
Inputs
[0.5103359  0.23977511 0.25       0.53768621 0.09305382 0.64712364
 0.68757146 1.31423696 0.25647422]
Obj
[0.27643442]
Inputs
[0.5103359  0.23977411 0.250001   0.53768621 0.09305382 0.64712364
 0.68757146 1.31423696 0.25647422]
Obj
[0.27643455]
Inputs
[0.5103359  0.23977411 0.25       0.53768721 0.09305382 0.64712364
 0.68757146 1.31423696 0.25647422]
Obj
[0.2764348]
Inputs
[0.5103359  0.23977411 0.25       0.53768621 0.09305482 0.64712364
 0.68757146 1.31423696 0.25647422]
Obj
[0.2764342]
Inputs
[0.5103359  0.23977411 0.25       0.53768621 0.09305382 0.64712464
 0.68757146 1.31423696 0.25647422]
Obj
[0.2764345]
Inputs
[0.5103359  0.23977411 0.25       0.53768621 0.09305382 0.64712364
 0.68757246 1.31423696 0.25647422]
Obj
[0.27643451]
Inputs
[0.5103359  0.23977411 0.25       0.53768621 0.09305382 0.64712364
 0.68757146 1.31423796 0.25647422]
Obj
[0.27643478]
Inputs
[0.5103359  0.23977411 0.25       0.53768621 0.09305382 0.64712364
 0.68757146 1.31423696 0.25647522]
Obj
[0.2764343]
Inputs
[0.62519739 0.21319427 0.74663317 0.88046148 0.07946136 0.67814948
 0.94828462 1.5        0.13842781]
Obj
[0.23377724]
Inputs
[0.62519839 0.21319427 0.74663317 0.88046148 0.07946136 0.67814948
 0.94828462 1.5        0.13842781]
Obj
[0.23377653]
Inputs
[0.62519739 0.21319527 0.74663317 0.88046148 0.07946136 0.67814948
 0.94828462 1.5        0.13842781]
Obj
[0.23377695]
Inputs
[0.62519739 0.21319427 0.74663417 0.88046148 0.07946136 0.67814948
 0.94828462 1.5        0.13842781]
Obj
[0.23377718]
Inputs
[0.62519739 0.21319427 0.74663317 0.88046248 0.07946136 0.67814948
 0.94828462 1.5        0.13842781]
Obj
[0.23377732]
Inputs
[0.62519739 0.21319427 0.74663317 0.88046148 0.07946236 0.67814948
 0.94828462 1.5        0.13842781]
Obj
[0.2337766]
Inputs
[0.62519739 0.21319427 0.74663317 0.88046148 0.07946136 0.67815048
 0.94828462 1.5        0.13842781]
Obj
[0.23377705]
Inputs
[0.62519739 0.21319427 0.74663317 0.88046148 0.07946136 0.67814948
 0.94828562 1.5        0.13842781]
Obj
[0.2337771]
Inputs
[0.62519739 0.21319427 0.74663317 0.88046148 0.07946136 0.67814948
 0.94828462 1.499999   0.13842781]
Obj
[0.23377712]
Inputs
[0.62519739 0.21319427 0.74663317 0.88046148 0.07946136 0.67814948
 0.94828462 1.5        0.13842881]
Obj
[0.23377645]
Inputs
[0.68844707 0.22163085 0.62386865 1.01479304 0.11186027 0.67925101
 0.76903904 1.5        0.1332038 ]
Obj
[0.22232379]
Inputs
[0.68844807 0.22163085 0.62386865 1.01479304 0.11186027 0.67925101
 0.76903904 1.5        0.1332038 ]
Obj
[0.22232313]
Inputs
[0.68844707 0.22163185 0.62386865 1.01479304 0.11186027 0.67925101
 0.76903904 1.5        0.1332038 ]
Obj
[0.22232358]
Inputs
[0.68844707 0.22163085 0.62386965 1.01479304 0.11186027 0.67925101
 0.76903904 1.5        0.1332038 ]
Obj
[0.22232373]
Inputs
[0.68844707 0.22163085 0.62386865 1.01479404 0.11186027 0.67925101
 0.76903904 1.5        0.1332038 ]
Obj
[0.22232384]
Inputs
[0.68844707 0.22163085 0.62386865 1.01479304 0.11186127 0.67925101
 0.76903904 1.5        0.1332038 ]
Obj
[0.22232335]
Inputs
[0.68844707 0.22163085 0.62386865 1.01479304 0.11186027 0.67925201
 0.76903904 1.5        0.1332038 ]
Obj
[0.22232358]
Inputs
[0.68844707 0.22163085 0.62386865 1.01479304 0.11186027 0.67925101
 0.76904004 1.5        0.1332038 ]
Obj
[0.22232358]
Inputs
[0.68844707 0.22163085 0.62386865 1.01479304 0.11186027 0.67925101
 0.76903904 1.499999   0.1332038 ]
Obj
[0.22232364]
Inputs
[0.68844707 0.22163085 0.62386865 1.01479304 0.11186027 0.67925101
 0.76903904 1.5        0.1332048 ]
Obj
[0.22232285]
Inputs
[0.66064133 0.27       0.40599611 0.73717792 0.06730889 0.6539116
 0.67332955 1.25381449 0.1681245 ]
Obj
[0.21473373]
Inputs
[0.6856665  0.22646777 0.60208139 0.98703153 0.10740513 0.67671707
 0.75946809 1.47538145 0.13669587]
Obj
[0.2206879]
Inputs
[0.68816901 0.22211454 0.62168992 1.01201689 0.11141475 0.67899762
 0.76808194 1.49753814 0.13355301]
Obj
[0.22215365]
Inputs
[0.68817001 0.22211454 0.62168992 1.01201689 0.11141475 0.67899762
 0.76808194 1.49753814 0.13355301]
Obj
[0.222153]
Inputs
[0.68816901 0.22211554 0.62168992 1.01201689 0.11141475 0.67899762
 0.76808194 1.49753814 0.13355301]
Obj
[0.22215345]
Inputs
[0.68816901 0.22211454 0.62169092 1.01201689 0.11141475 0.67899762
 0.76808194 1.49753814 0.13355301]
Obj
[0.22215359]
Inputs
[0.68816901 0.22211454 0.62168992 1.01201789 0.11141475 0.67899762
 0.76808194 1.49753814 0.13355301]
Obj
[0.22215371]
Inputs
[0.68816901 0.22211454 0.62168992 1.01201689 0.11141575 0.67899762
 0.76808194 1.49753814 0.13355301]
Obj
[0.22215321]
Inputs
[0.68816901 0.22211454 0.62168992 1.01201689 0.11141475 0.67899862
 0.76808194 1.49753814 0.13355301]
Obj
[0.22215344]
Inputs
[0.68816901 0.22211454 0.62168992 1.01201689 0.11141475 0.67899762
 0.76808294 1.49753814 0.13355301]
Obj
[0.22215344]
Inputs
[0.68816901 0.22211454 0.62168992 1.01201689 0.11141475 0.67899762
 0.76808194 1.49753914 0.13355301]
Obj
[0.2221538]
Inputs
[0.68816901 0.22211454 0.62168992 1.01201689 0.11141475 0.67899762
 0.76808194 1.49753814 0.13355401]
Obj
[0.22215271]
Inputs
[0.58740771 0.22046534 0.41448797 0.25       0.06294738 0.61449678
 0.54588273 0.77202971 0.17023742]
Obj
[0.17634846]
Inputs
[0.67809288 0.22194962 0.60096973 0.9358152  0.10656802 0.67254753
 0.74586202 1.4249873  0.13722145]
Obj
[0.21999585]
Inputs
[0.6871614  0.22209805 0.6196179  1.00439672 0.11093008 0.67835261
 0.76585995 1.49028306 0.13391985]
Obj
[0.22195394]
Inputs
[0.6871624  0.22209805 0.6196179  1.00439672 0.11093008 0.67835261
 0.76585995 1.49028306 0.13391985]
Obj
[0.22195328]
Inputs
[0.6871614  0.22209905 0.6196179  1.00439672 0.11093008 0.67835261
 0.76585995 1.49028306 0.13391985]
Obj
[0.22195373]
Inputs
[0.6871614  0.22209805 0.6196189  1.00439672 0.11093008 0.67835261
 0.76585995 1.49028306 0.13391985]
Obj
[0.22195388]
Inputs
[0.6871614  0.22209805 0.6196179  1.00439772 0.11093008 0.67835261
 0.76585995 1.49028306 0.13391985]
Obj
[0.22195399]
Inputs
[0.6871614  0.22209805 0.6196179  1.00439672 0.11093108 0.67835261
 0.76585995 1.49028306 0.13391985]
Obj
[0.22195349]
Inputs
[0.6871614  0.22209805 0.6196179  1.00439672 0.11093008 0.67835361
 0.76585995 1.49028306 0.13391985]
Obj
[0.22195373]
Inputs
[0.6871614  0.22209805 0.6196179  1.00439672 0.11093008 0.67835261
 0.76586095 1.49028306 0.13391985]
Obj
[0.22195373]
Inputs
[0.6871614  0.22209805 0.6196179  1.00439672 0.11093008 0.67835261
 0.76585995 1.49028406 0.13391985]
Obj
[0.22195409]
Inputs
[0.6871614  0.22209805 0.6196179  1.00439672 0.11093008 0.67835261
 0.76585995 1.49028306 0.13392085]
Obj
[0.221953]
Inputs
[0.67106617 0.25531064 0.52224424 0.63455732 0.05484183 0.64419511
 0.64136844 1.08329079 0.14075989]
Obj
[0.19639482]
Inputs
[0.68555188 0.22541931 0.60988054 0.96741278 0.10532126 0.67493686
 0.7534108  1.44958383 0.13460386]
Obj
[0.22012633]
Inputs
[0.68700045 0.22243018 0.61864417 1.00069832 0.1103692  0.67801103
 0.76461503 1.48621314 0.13398825]
Obj
[0.22177562]
Inputs
[0.68700145 0.22243018 0.61864417 1.00069832 0.1103692  0.67801103
 0.76461503 1.48621314 0.13398825]
Obj
[0.22177496]
Inputs
[0.68700045 0.22243118 0.61864417 1.00069832 0.1103692  0.67801103
 0.76461503 1.48621314 0.13398825]
Obj
[0.22177541]
Inputs
[0.68700045 0.22243018 0.61864517 1.00069832 0.1103692  0.67801103
 0.76461503 1.48621314 0.13398825]
Obj
[0.22177556]
Inputs
[0.68700045 0.22243018 0.61864417 1.00069932 0.1103692  0.67801103
 0.76461503 1.48621314 0.13398825]
Obj
[0.22177568]
Inputs
[0.68700045 0.22243018 0.61864417 1.00069832 0.1103702  0.67801103
 0.76461503 1.48621314 0.13398825]
Obj
[0.22177518]
Inputs
[0.68700045 0.22243018 0.61864417 1.00069832 0.1103692  0.67801203
 0.76461503 1.48621314 0.13398825]
Obj
[0.22177541]
Inputs
[0.68700045 0.22243018 0.61864417 1.00069832 0.1103692  0.67801103
 0.76461603 1.48621314 0.13398825]
Obj
[0.22177541]
Inputs
[0.68700045 0.22243018 0.61864417 1.00069832 0.1103692  0.67801103
 0.76461503 1.48621414 0.13398825]
Obj
[0.22177577]
Inputs
[0.68700045 0.22243018 0.61864417 1.00069832 0.1103692  0.67801103
 0.76461503 1.48621314 0.13398925]
Obj
[0.22177469]
Inputs
[0.7        0.24050216 0.69504614 0.92063785 0.07999555 0.67649222
 0.76455966 1.4104581  0.12308564]
Obj
[0.21445719]
Inputs
[0.6883004  0.22423738 0.62628436 0.99269228 0.10733183 0.67785915
 0.7646095  1.47863763 0.13289799]
Obj
[0.22096022]
Inputs
[0.6883014  0.22423738 0.62628436 0.99269228 0.10733183 0.67785915
 0.7646095  1.47863763 0.13289799]
Obj
[0.22095956]
Inputs
[0.6883004  0.22423838 0.62628436 0.99269228 0.10733183 0.67785915
 0.7646095  1.47863763 0.13289799]
Obj
[0.22096001]
Inputs
[0.6883004  0.22423738 0.62628536 0.99269228 0.10733183 0.67785915
 0.7646095  1.47863763 0.13289799]
Obj
[0.22096016]
Inputs
[0.6883004  0.22423738 0.62628436 0.99269328 0.10733183 0.67785915
 0.7646095  1.47863763 0.13289799]
Obj
[0.22096028]
Inputs
[0.6883004  0.22423738 0.62628436 0.99269228 0.10733283 0.67785915
 0.7646095  1.47863763 0.13289799]
Obj
[0.22095976]
Inputs
[0.6883004  0.22423738 0.62628436 0.99269228 0.10733183 0.67786015
 0.7646095  1.47863763 0.13289799]
Obj
[0.22096001]
Inputs
[0.6883004  0.22423738 0.62628436 0.99269228 0.10733183 0.67785915
 0.7646105  1.47863763 0.13289799]
Obj
[0.22096001]
Inputs
[0.6883004  0.22423738 0.62628436 0.99269228 0.10733183 0.67785915
 0.7646095  1.47863863 0.13289799]
Obj
[0.22096037]
Inputs
[0.6883004  0.22423738 0.62628436 0.99269228 0.10733183 0.67785915
 0.7646095  1.47863763 0.13289899]
Obj
[0.22095928]
Inputs
[0.60348423 0.17420104 0.9440319  0.25       0.05504851 0.64136258
 0.65653528 0.84783708 0.1135045 ]
Obj
[0.18686483]
Inputs
[0.67981878 0.21923374 0.65805912 0.91842305 0.1021035  0.6742095
 0.75380207 1.41555758 0.13095864]
Obj
[0.2193879]
Inputs
[0.68745224 0.22373701 0.62946184 0.98526535 0.106809   0.67749419
 0.76352875 1.47232963 0.13270406]
Obj
[0.22081669]
Inputs
[0.68745324 0.22373701 0.62946184 0.98526535 0.106809   0.67749419
 0.76352875 1.47232963 0.13270406]
Obj
[0.22081603]
Inputs
[0.68745224 0.22373801 0.62946184 0.98526535 0.106809   0.67749419
 0.76352875 1.47232963 0.13270406]
Obj
[0.22081648]
Inputs
[0.68745224 0.22373701 0.62946284 0.98526535 0.106809   0.67749419
 0.76352875 1.47232963 0.13270406]
Obj
[0.22081663]
Inputs
[0.68745224 0.22373701 0.62946184 0.98526635 0.106809   0.67749419
 0.76352875 1.47232963 0.13270406]
Obj
[0.22081675]
Inputs
[0.68745224 0.22373701 0.62946184 0.98526535 0.10681    0.67749419
 0.76352875 1.47232963 0.13270406]
Obj
[0.22081623]
Inputs
[0.68745224 0.22373701 0.62946184 0.98526535 0.106809   0.67749519
 0.76352875 1.47232963 0.13270406]
Obj
[0.22081648]
Inputs
[0.68745224 0.22373701 0.62946184 0.98526535 0.106809   0.67749419
 0.76352975 1.47232963 0.13270406]
Obj
[0.22081648]
Inputs
[0.68745224 0.22373701 0.62946184 0.98526535 0.106809   0.67749419
 0.76352875 1.47233063 0.13270406]
Obj
[0.22081684]
Inputs
[0.68745224 0.22373701 0.62946184 0.98526535 0.106809   0.67749419
 0.76352875 1.47232963 0.13270506]
Obj
[0.22081576]
Inputs
[0.7        0.24636021 0.75802172 0.83642689 0.0644473  0.67335799
 0.71230868 1.32998653 0.12289434]
Obj
[0.21099097]
Inputs
[0.68870702 0.22599933 0.64231783 0.97038151 0.10257283 0.67708057
 0.75840675 1.45809532 0.13172309]
Obj
[0.2198366]
Inputs
[0.68870802 0.22599933 0.64231783 0.97038151 0.10257283 0.67708057
 0.75840675 1.45809532 0.13172309]
Obj
[0.21983594]
Inputs
[0.68870702 0.22600033 0.64231783 0.97038151 0.10257283 0.67708057
 0.75840675 1.45809532 0.13172309]
Obj
[0.21983638]
Inputs
[0.68870702 0.22599933 0.64231883 0.97038151 0.10257283 0.67708057
 0.75840675 1.45809532 0.13172309]
Obj
[0.21983654]
Inputs
[0.68870702 0.22599933 0.64231783 0.97038251 0.10257283 0.67708057
 0.75840675 1.45809532 0.13172309]
Obj
[0.21983666]
Inputs
[0.68870702 0.22599933 0.64231783 0.97038151 0.10257383 0.67708057
 0.75840675 1.45809532 0.13172309]
Obj
[0.21983612]
Inputs
[0.68870702 0.22599933 0.64231783 0.97038151 0.10257283 0.67708157
 0.75840675 1.45809532 0.13172309]
Obj
[0.21983638]
Inputs
[0.68870702 0.22599933 0.64231783 0.97038151 0.10257283 0.67708057
 0.75840775 1.45809532 0.13172309]
Obj
[0.21983639]
Inputs
[0.68870702 0.22599933 0.64231783 0.97038151 0.10257283 0.67708057
 0.75840675 1.45809632 0.13172309]
Obj
[0.21983675]
Inputs
[0.68870702 0.22599933 0.64231783 0.97038151 0.10257283 0.67708057
 0.75840675 1.45809532 0.13172409]
Obj
[0.21983567]
Inputs
[0.7        0.24907838 0.74468445 0.85442498 0.06156582 0.67406031
 0.75418695 1.35222506 0.12057362]
Obj
[0.21156462]
Inputs
[0.68983631 0.22830724 0.65255449 0.95878586 0.09847213 0.67677854
 0.75798477 1.44750829 0.13060814]
Obj
[0.21888516]
Inputs
[0.68983731 0.22830724 0.65255449 0.95878586 0.09847213 0.67677854
 0.75798477 1.44750829 0.13060814]
Obj
[0.21888451]
Inputs
[0.68983631 0.22830824 0.65255449 0.95878586 0.09847213 0.67677854
 0.75798477 1.44750829 0.13060814]
Obj
[0.21888494]
Inputs
[0.68983631 0.22830724 0.65255549 0.95878586 0.09847213 0.67677854
 0.75798477 1.44750829 0.13060814]
Obj
[0.2188851]
Inputs
[0.68983631 0.22830724 0.65255449 0.95878686 0.09847213 0.67677854
 0.75798477 1.44750829 0.13060814]
Obj
[0.21888522]
Inputs
[0.68983631 0.22830724 0.65255449 0.95878586 0.09847313 0.67677854
 0.75798477 1.44750829 0.13060814]
Obj
[0.21888467]
Inputs
[0.68983631 0.22830724 0.65255449 0.95878586 0.09847213 0.67677954
 0.75798477 1.44750829 0.13060814]
Obj
[0.21888495]
Inputs
[0.68983631 0.22830724 0.65255449 0.95878586 0.09847213 0.67677854
 0.75798577 1.44750829 0.13060814]
Obj
[0.21888495]
Inputs
[0.68983631 0.22830724 0.65255449 0.95878586 0.09847213 0.67677854
 0.75798477 1.44750929 0.13060814]
Obj
[0.21888531]
Inputs
[0.68983631 0.22830724 0.65255449 0.95878586 0.09847213 0.67677854
 0.75798477 1.44750829 0.13060914]
Obj
[0.21888424]
Inputs
[0.7        0.25233662 0.74019182 0.86597016 0.06040713 0.67529119
 0.7587998  1.37017086 0.12290782]
Obj
[0.21217434]
Inputs
[0.6912331  0.23160957 0.66459841 0.94603027 0.09324089 0.67657414
 0.75809678 1.43687988 0.12954989]
Obj
[0.21777416]
Inputs
[0.6912341  0.23160957 0.66459841 0.94603027 0.09324089 0.67657414
 0.75809678 1.43687988 0.12954989]
Obj
[0.21777351]
Inputs
[0.6912331  0.23161057 0.66459841 0.94603027 0.09324089 0.67657414
 0.75809678 1.43687988 0.12954989]
Obj
[0.21777393]
Inputs
[0.6912331  0.23160957 0.66459941 0.94603027 0.09324089 0.67657414
 0.75809678 1.43687988 0.12954989]
Obj
[0.2177741]
Inputs
[0.6912331  0.23160957 0.66459841 0.94603127 0.09324089 0.67657414
 0.75809678 1.43687988 0.12954989]
Obj
[0.21777423]
Inputs
[0.6912331  0.23160957 0.66459841 0.94603027 0.09324189 0.67657414
 0.75809678 1.43687988 0.12954989]
Obj
[0.21777365]
Inputs
[0.6912331  0.23160957 0.66459841 0.94603027 0.09324089 0.67657514
 0.75809678 1.43687988 0.12954989]
Obj
[0.21777395]
Inputs
[0.6912331  0.23160957 0.66459841 0.94603027 0.09324089 0.67657414
 0.75809778 1.43687988 0.12954989]
Obj
[0.21777396]
Inputs
[0.6912331  0.23160957 0.66459841 0.94603027 0.09324089 0.67657414
 0.75809678 1.43688088 0.12954989]
Obj
[0.21777431]
Inputs
[0.6912331  0.23160957 0.66459841 0.94603027 0.09324089 0.67657414
 0.75809678 1.43687988 0.12955089]
Obj
[0.21777325]
Inputs
[0.7        0.25518019 0.74283596 0.86671552 0.05932342 0.67606003
 0.74450421 1.3753523  0.12615316]
Obj
[0.21242329]
Inputs
[0.6934414  0.23754678 0.68430567 0.92605168 0.08469742 0.67644464
 0.75467294 1.42138169 0.12869429]
Obj
[0.21621909]
Inputs
[0.6934424  0.23754678 0.68430567 0.92605168 0.08469742 0.67644464
 0.75467294 1.42138169 0.12869429]
Obj
[0.21621844]
Inputs
[0.6934414  0.23754778 0.68430567 0.92605168 0.08469742 0.67644464
 0.75467294 1.42138169 0.12869429]
Obj
[0.21621885]
Inputs
[0.6934414  0.23754678 0.68430667 0.92605168 0.08469742 0.67644464
 0.75467294 1.42138169 0.12869429]
Obj
[0.21621902]
Inputs
[0.6934414  0.23754678 0.68430567 0.92605268 0.08469742 0.67644464
 0.75467294 1.42138169 0.12869429]
Obj
[0.21621915]
Inputs
[0.6934414  0.23754678 0.68430567 0.92605168 0.08469842 0.67644464
 0.75467294 1.42138169 0.12869429]
Obj
[0.21621854]
Inputs
[0.6934414  0.23754678 0.68430567 0.92605168 0.08469742 0.67644564
 0.75467294 1.42138169 0.12869429]
Obj
[0.21621888]
Inputs
[0.6934414  0.23754678 0.68430567 0.92605168 0.08469742 0.67644464
 0.75467394 1.42138169 0.12869429]
Obj
[0.21621889]
Inputs
[0.6934414  0.23754678 0.68430567 0.92605168 0.08469742 0.67644464
 0.75467294 1.42138269 0.12869429]
Obj
[0.21621923]
Inputs
[0.6934414  0.23754678 0.68430567 0.92605168 0.08469742 0.67644464
 0.75467294 1.42138169 0.12869529]
Obj
[0.21621818]
Inputs
[0.7        0.25753572 0.74558754 0.88026673 0.057077   0.67789046
 0.76906311 1.3988795  0.1255336 ]
Obj
[0.21333966]
Inputs
[0.699999   0.25753572 0.74558754 0.88026673 0.057077   0.67789046
 0.76906311 1.3988795  0.1255336 ]
Obj
[0.21334029]
Inputs
[0.7        0.25753672 0.74558754 0.88026673 0.057077   0.67789046
 0.76906311 1.3988795  0.1255336 ]
Obj
[0.21333939]
Inputs
[0.7        0.25753572 0.74558854 0.88026673 0.057077   0.67789046
 0.76906311 1.3988795  0.1255336 ]
Obj
[0.2133396]
Inputs
[0.7        0.25753572 0.74558754 0.88026773 0.057077   0.67789046
 0.76906311 1.3988795  0.1255336 ]
Obj
[0.21333975]
Inputs
[0.7        0.25753572 0.74558754 0.88026673 0.057078   0.67789046
 0.76906311 1.3988795  0.1255336 ]
Obj
[0.21333896]
Inputs
[0.7        0.25753572 0.74558754 0.88026673 0.057077   0.67789146
 0.76906311 1.3988795  0.1255336 ]
Obj
[0.21333947]
Inputs
[0.7        0.25753572 0.74558754 0.88026673 0.057077   0.67789046
 0.76906411 1.3988795  0.1255336 ]
Obj
[0.21333948]
Inputs
[0.7        0.25753572 0.74558754 0.88026673 0.057077   0.67789046
 0.76906311 1.3988805  0.1255336 ]
Obj
[0.2133398]
Inputs
[0.7        0.25753572 0.74558754 0.88026673 0.057077   0.67789046
 0.76906311 1.3988795  0.1255346 ]
Obj
[0.21333879]
Inputs
[0.7        0.2609202  0.76403375 0.87259259 0.05369023 0.67883224
 0.74819685 1.39718539 0.12841644]
Obj
[0.21380537]
Inputs
[0.699999   0.2609202  0.76403375 0.87259259 0.05369023 0.67883224
 0.74819685 1.39718539 0.12841644]
Obj
[0.213806]
Inputs
[0.7        0.2609212  0.76403375 0.87259259 0.05369023 0.67883224
 0.74819685 1.39718539 0.12841644]
Obj
[0.2138051]
Inputs
[0.7        0.2609202  0.76403475 0.87259259 0.05369023 0.67883224
 0.74819685 1.39718539 0.12841644]
Obj
[0.2138053]
Inputs
[0.7        0.2609202  0.76403375 0.87259359 0.05369023 0.67883224
 0.74819685 1.39718539 0.12841644]
Obj
[0.21380546]
Inputs
[0.7        0.2609202  0.76403375 0.87259259 0.05369123 0.67883224
 0.74819685 1.39718539 0.12841644]
Obj
[0.21380466]
Inputs
[0.7        0.2609202  0.76403375 0.87259259 0.05369023 0.67883324
 0.74819685 1.39718539 0.12841644]
Obj
[0.21380517]
Inputs
[0.7        0.2609202  0.76403375 0.87259259 0.05369023 0.67883224
 0.74819785 1.39718539 0.12841644]
Obj
[0.21380518]
Inputs
[0.7        0.2609202  0.76403375 0.87259259 0.05369023 0.67883224
 0.74819685 1.39718639 0.12841644]
Obj
[0.21380551]
Inputs
[0.7        0.2609202  0.76403375 0.87259259 0.05369023 0.67883224
 0.74819685 1.39718539 0.12841744]
Obj
[0.21380449]
Inputs
[0.7        0.27       0.70937423 0.91564144 0.05577288 0.68283626
 0.78323982 1.4683766  0.13615749]
Obj
[0.21346203]
Inputs
[0.699999   0.27       0.70937423 0.91564144 0.05577288 0.68283626
 0.78323982 1.4683766  0.13615749]
Obj
[0.21346266]
Inputs
[0.7        0.269999   0.70937423 0.91564144 0.05577288 0.68283626
 0.78323982 1.4683766  0.13615749]
Obj
[0.21346229]
Inputs
[0.7        0.27       0.70937523 0.91564144 0.05577288 0.68283626
 0.78323982 1.4683766  0.13615749]
Obj
[0.21346196]
Inputs
[0.7        0.27       0.70937423 0.91564244 0.05577288 0.68283626
 0.78323982 1.4683766  0.13615749]
Obj
[0.21346212]
Inputs
[0.7        0.27       0.70937423 0.91564144 0.05577388 0.68283626
 0.78323982 1.4683766  0.13615749]
Obj
[0.21346128]
Inputs
[0.7        0.27       0.70937423 0.91564144 0.05577288 0.68283726
 0.78323982 1.4683766  0.13615749]
Obj
[0.21346184]
Inputs
[0.7        0.27       0.70937423 0.91564144 0.05577288 0.68283626
 0.78324082 1.4683766  0.13615749]
Obj
[0.21346185]
Inputs
[0.7        0.27       0.70937423 0.91564144 0.05577288 0.68283626
 0.78323982 1.4683776  0.13615749]
Obj
[0.21346216]
Inputs
[0.7        0.27       0.70937423 0.91564144 0.05577288 0.68283626
 0.78323982 1.4683766  0.13615849]
Obj
[0.2134612]
Inputs
[0.7        0.27       0.71073946 0.91599262 0.05541436 0.68255951
 0.78418387 1.46750432 0.13626982]
Obj
[0.21334793]
Inputs
[0.699999   0.27       0.71073946 0.91599262 0.05541436 0.68255951
 0.78418387 1.46750432 0.13626982]
Obj
[0.21334856]
Inputs
[0.7        0.269999   0.71073946 0.91599262 0.05541436 0.68255951
 0.78418387 1.46750432 0.13626982]
Obj
[0.21334819]
Inputs
[0.7        0.27       0.71074046 0.91599262 0.05541436 0.68255951
 0.78418387 1.46750432 0.13626982]
Obj
[0.21334786]
Inputs
[0.7        0.27       0.71073946 0.91599362 0.05541436 0.68255951
 0.78418387 1.46750432 0.13626982]
Obj
[0.21334803]
Inputs
[0.7        0.27       0.71073946 0.91599262 0.05541536 0.68255951
 0.78418387 1.46750432 0.13626982]
Obj
[0.21334718]
Inputs
[0.7        0.27       0.71073946 0.91599262 0.05541436 0.68256051
 0.78418387 1.46750432 0.13626982]
Obj
[0.21334775]
Inputs
[0.7        0.27       0.71073946 0.91599262 0.05541436 0.68255951
 0.78418487 1.46750432 0.13626982]
Obj
[0.21334776]
Inputs
[0.7        0.27       0.71073946 0.91599262 0.05541436 0.68255951
 0.78418387 1.46750532 0.13626982]
Obj
[0.21334806]
Inputs
[0.7        0.27       0.71073946 0.91599262 0.05541436 0.68255951
 0.78418387 1.46750432 0.13627082]
Obj
[0.21334711]
Inputs
[0.7        0.27       0.71190852 0.92535334 0.05564601 0.68208035
 0.78430544 1.47257981 0.13793273]
Obj
[0.21329931]
Inputs
[0.699999   0.27       0.71190852 0.92535334 0.05564601 0.68208035
 0.78430544 1.47257981 0.13793273]
Obj
[0.21329994]
Inputs
[0.7        0.269999   0.71190852 0.92535334 0.05564601 0.68208035
 0.78430544 1.47257981 0.13793273]
Obj
[0.21329957]
Inputs
[0.7        0.27       0.71190952 0.92535334 0.05564601 0.68208035
 0.78430544 1.47257981 0.13793273]
Obj
[0.21329923]
Inputs
[0.7        0.27       0.71190852 0.92535434 0.05564601 0.68208035
 0.78430544 1.47257981 0.13793273]
Obj
[0.2132994]
Inputs
[0.7        0.27       0.71190852 0.92535334 0.05564701 0.68208035
 0.78430544 1.47257981 0.13793273]
Obj
[0.21329855]
Inputs
[0.7        0.27       0.71190852 0.92535334 0.05564601 0.68208135
 0.78430544 1.47257981 0.13793273]
Obj
[0.21329912]
Inputs
[0.7        0.27       0.71190852 0.92535334 0.05564601 0.68208035
 0.78430644 1.47257981 0.13793273]
Obj
[0.21329913]
Inputs
[0.7        0.27       0.71190852 0.92535334 0.05564601 0.68208035
 0.78430544 1.47258081 0.13793273]
Obj
[0.21329943]
Inputs
[0.7        0.27       0.71190852 0.92535334 0.05564601 0.68208035
 0.78430544 1.47257981 0.13793373]
Obj
[0.21329849]
Inputs
[0.7        0.27       0.71757106 0.96471334 0.05659046 0.68020903
 0.78527082 1.49463214 0.14480612]
Obj
[0.21317083]
Inputs
[0.699999   0.27       0.71757106 0.96471334 0.05659046 0.68020903
 0.78527082 1.49463214 0.14480612]
Obj
[0.21317146]
Inputs
[0.7        0.269999   0.71757106 0.96471334 0.05659046 0.68020903
 0.78527082 1.49463214 0.14480612]
Obj
[0.21317109]
Inputs
[0.7        0.27       0.71757206 0.96471334 0.05659046 0.68020903
 0.78527082 1.49463214 0.14480612]
Obj
[0.21317076]
Inputs
[0.7        0.27       0.71757106 0.96471434 0.05659046 0.68020903
 0.78527082 1.49463214 0.14480612]
Obj
[0.21317092]
Inputs
[0.7        0.27       0.71757106 0.96471334 0.05659146 0.68020903
 0.78527082 1.49463214 0.14480612]
Obj
[0.21317005]
Inputs
[0.7        0.27       0.71757106 0.96471334 0.05659046 0.68021003
 0.78527082 1.49463214 0.14480612]
Obj
[0.21317065]
Inputs
[0.7        0.27       0.71757106 0.96471334 0.05659046 0.68020903
 0.78527182 1.49463214 0.14480612]
Obj
[0.21317066]
Inputs
[0.7        0.27       0.71757106 0.96471334 0.05659046 0.68020903
 0.78527082 1.49463314 0.14480612]
Obj
[0.21317095]
Inputs
[0.7        0.27       0.71757106 0.96471334 0.05659046 0.68020903
 0.78527082 1.49463214 0.14480712]
Obj
[0.21317006]
Inputs
[0.7        0.27       0.71915497 0.96762589 0.05659511 0.68025903
 0.7859372  1.49716112 0.14514584]
Obj
[0.21322501]
Inputs
[0.699999   0.27       0.71915497 0.96762589 0.05659511 0.68025903
 0.7859372  1.49716112 0.14514584]
Obj
[0.21322564]
Inputs
[0.7        0.269999   0.71915497 0.96762589 0.05659511 0.68025903
 0.7859372  1.49716112 0.14514584]
Obj
[0.21322527]
Inputs
[0.7        0.27       0.71915597 0.96762589 0.05659511 0.68025903
 0.7859372  1.49716112 0.14514584]
Obj
[0.21322493]
Inputs
[0.7        0.27       0.71915497 0.96762689 0.05659511 0.68025903
 0.7859372  1.49716112 0.14514584]
Obj
[0.2132251]
Inputs
[0.7        0.27       0.71915497 0.96762589 0.05659611 0.68025903
 0.7859372  1.49716112 0.14514584]
Obj
[0.21322422]
Inputs
[0.7        0.27       0.71915497 0.96762589 0.05659511 0.68026003
 0.7859372  1.49716112 0.14514584]
Obj
[0.21322483]
Inputs
[0.7        0.27       0.71915497 0.96762589 0.05659511 0.68025903
 0.7859382  1.49716112 0.14514584]
Obj
[0.21322484]
Inputs
[0.7        0.27       0.71915497 0.96762589 0.05659511 0.68025903
 0.7859372  1.49716212 0.14514584]
Obj
[0.21322513]
Inputs
[0.7        0.27       0.71915497 0.96762589 0.05659511 0.68025903
 0.7859372  1.49716112 0.14514684]
Obj
[0.21322423]
Inputs
[0.7        0.27       0.72059042 0.96958774 0.05666597 0.68047242
 0.7869683  1.5        0.14532054]
Obj
[0.2132242]
Inputs
[0.699999   0.27       0.72059042 0.96958774 0.05666597 0.68047242
 0.7869683  1.5        0.14532054]
Obj
[0.21322482]
Inputs
[0.7        0.269999   0.72059042 0.96958774 0.05666597 0.68047242
 0.7869683  1.5        0.14532054]
Obj
[0.21322446]
Inputs
[0.7        0.27       0.72059142 0.96958774 0.05666597 0.68047242
 0.7869683  1.5        0.14532054]
Obj
[0.21322412]
Inputs
[0.7        0.27       0.72059042 0.96958874 0.05666597 0.68047242
 0.7869683  1.5        0.14532054]
Obj
[0.21322429]
Inputs
[0.7        0.27       0.72059042 0.96958774 0.05666697 0.68047242
 0.7869683  1.5        0.14532054]
Obj
[0.21322341]
Inputs
[0.7        0.27       0.72059042 0.96958774 0.05666597 0.68047342
 0.7869683  1.5        0.14532054]
Obj
[0.21322402]
Inputs
[0.7        0.27       0.72059042 0.96958774 0.05666597 0.68047242
 0.7869693  1.5        0.14532054]
Obj
[0.21322403]
Inputs
[0.7        0.27       0.72059042 0.96958774 0.05666597 0.68047242
 0.7869683  1.499999   0.14532054]
Obj
[0.21322408]
Inputs
[0.7        0.27       0.72059042 0.96958774 0.05666597 0.68047242
 0.7869683  1.5        0.14532154]
Obj
[0.21322342]
Inputs
[0.7        0.27       0.72076974 0.96862331 0.05665606 0.68061063
 0.78724151 1.5        0.14510803]
Obj
[0.21322446]
Inputs
[0.699999   0.27       0.72076974 0.96862331 0.05665606 0.68061063
 0.78724151 1.5        0.14510803]
Obj
[0.21322508]
Inputs
[0.7        0.269999   0.72076974 0.96862331 0.05665606 0.68061063
 0.78724151 1.5        0.14510803]
Obj
[0.21322472]
Inputs
[0.7        0.27       0.72077074 0.96862331 0.05665606 0.68061063
 0.78724151 1.5        0.14510803]
Obj
[0.21322438]
Inputs
[0.7        0.27       0.72076974 0.96862431 0.05665606 0.68061063
 0.78724151 1.5        0.14510803]
Obj
[0.21322455]
Inputs
[0.7        0.27       0.72076974 0.96862331 0.05665706 0.68061063
 0.78724151 1.5        0.14510803]
Obj
[0.21322367]
Inputs
[0.7        0.27       0.72076974 0.96862331 0.05665606 0.68061163
 0.78724151 1.5        0.14510803]
Obj
[0.21322428]
Inputs
[0.7        0.27       0.72076974 0.96862331 0.05665606 0.68061063
 0.78724251 1.5        0.14510803]
Obj
[0.21322429]
Inputs
[0.7        0.27       0.72076974 0.96862331 0.05665606 0.68061063
 0.78724151 1.499999   0.14510803]
Obj
[0.21322434]
Inputs
[0.7        0.27       0.72076974 0.96862331 0.05665606 0.68061063
 0.78724151 1.5        0.14510903]
Obj
[0.21322368]
Inputs
[0.7        0.27       0.72094753 0.96767062 0.05664621 0.68074686
 0.7875117  1.5        0.14489879]
Obj
[0.21322438]
Inputs
[0.699999   0.27       0.72094753 0.96767062 0.05664621 0.68074686
 0.7875117  1.5        0.14489879]
Obj
[0.213225]
Inputs
[0.7        0.269999   0.72094753 0.96767062 0.05664621 0.68074686
 0.7875117  1.5        0.14489879]
Obj
[0.21322464]
Inputs
[0.7        0.27       0.72094853 0.96767062 0.05664621 0.68074686
 0.7875117  1.5        0.14489879]
Obj
[0.2132243]
Inputs
[0.7        0.27       0.72094753 0.96767162 0.05664621 0.68074686
 0.7875117  1.5        0.14489879]
Obj
[0.21322447]
Inputs
[0.7        0.27       0.72094753 0.96767062 0.05664721 0.68074686
 0.7875117  1.5        0.14489879]
Obj
[0.21322359]
Inputs
[0.7        0.27       0.72094753 0.96767062 0.05664621 0.68074786
 0.7875117  1.5        0.14489879]
Obj
[0.2132242]
Inputs
[0.7        0.27       0.72094753 0.96767062 0.05664621 0.68074686
 0.7875127  1.5        0.14489879]
Obj
[0.21322421]
Inputs
[0.7        0.27       0.72094753 0.96767062 0.05664621 0.68074686
 0.7875117  1.499999   0.14489879]
Obj
[0.21322426]
Inputs
[0.7        0.27       0.72094753 0.96767062 0.05664621 0.68074686
 0.7875117  1.5        0.14489979]
Obj
[0.2132236]
Inputs
[0.7        0.27       0.72094772 0.96767157 0.05664617 0.68074669
 0.7875114  1.5        0.14489906]
Obj
[0.21322436]
Inputs
[0.699999   0.27       0.72094772 0.96767157 0.05664617 0.68074669
 0.7875114  1.5        0.14489906]
Obj
[0.21322499]
Inputs
[0.7        0.269999   0.72094772 0.96767157 0.05664617 0.68074669
 0.7875114  1.5        0.14489906]
Obj
[0.21322462]
Inputs
[0.7        0.27       0.72094872 0.96767157 0.05664617 0.68074669
 0.7875114  1.5        0.14489906]
Obj
[0.21322428]
Inputs
[0.7        0.27       0.72094772 0.96767257 0.05664617 0.68074669
 0.7875114  1.5        0.14489906]
Obj
[0.21322445]
Inputs
[0.7        0.27       0.72094772 0.96767157 0.05664717 0.68074669
 0.7875114  1.5        0.14489906]
Obj
[0.21322357]
Inputs
[0.7        0.27       0.72094772 0.96767157 0.05664617 0.68074769
 0.7875114  1.5        0.14489906]
Obj
[0.21322418]
Inputs
[0.7        0.27       0.72094772 0.96767157 0.05664617 0.68074669
 0.7875124  1.5        0.14489906]
Obj
[0.21322419]
Inputs
[0.7        0.27       0.72094772 0.96767157 0.05664617 0.68074669
 0.7875114  1.499999   0.14489906]
Obj
[0.21322424]
Inputs
[0.7        0.27       0.72094772 0.96767157 0.05664617 0.68074669
 0.7875114  1.5        0.14490006]
Obj
[0.21322358]
